lf,lm,nd,lcc,cd
0.00,0.00,5.80,25.81,0.00
0.00,0.00,5.80,25.81,0.00
0.00,0.00,6.00,25.81,0.00
0.00,0.00,5.99,25.81,0.00
0.00,0.00,5.96,25.81,0.00
0.00,0.00,5.96,25.81,0.00
0.00,0.00,5.96,25.81,0.00
0.00,0.00,5.96,25.81,0.00
0.00,0.00,5.96,25.81,0.00
0.00,0.00,5.96,25.81,0.00
0.00,0.00,5.96,25.81,0.00
0.00,0.00,5.96,25.81,0.00
0.00,0.00,5.96,25.81,0.00
0.00,0.00,5.96,25.81,0.00
0.00,0.00,5.96,25.81,0.00
0.00,0.00,5.96,25.81,0.00
0.00,0.00,5.96,25.81,0.00
0.00,0.00,5.96,25.81,0.00
0.00,0.00,5.96,25.81,0.00
0.00,0.00,5.96,25.81,0.00
0.00,0.00,5.96,25.81,0.00
0.00,0.00,5.86,25.81,0.00
0.00,0.00,5.86,25.81,0.00
0.00,0.00,5.86,25.81,0.00
0.00,0.00,5.85,25.81,0.00
0.00,0.00,5.73,25.81,0.00
0.00,0.00,5.64,25.81,0.00
0.00,0.00,5.86,25.81,0.00
0.00,0.00,5.64,25.81,0.00
0.00,0.00,5.64,25.81,0.00
0.00,0.00,5.64,25.81,0.00
0.00,0.00,5.64,25.81,0.00
0.00,0.00,5.64,25.81,0.00
0.00,0.00,5.64,25.81,0.00
0.00,0.00,5.64,25.81,0.00
0.00,0.00,5.64,25.81,0.00
0.00,0.00,5.64,25.81,0.00
0.00,0.00,5.64,25.81,0.00
0.00,0.00,5.64,25.81,0.00
0.00,0.00,5.64,25.81,0.00
0.00,0.00,5.64,25.81,0.00
0.00,0.00,5.64,25.81,0.00
0.00,0.00,5.40,25.81,0.00
0.00,0.00,5.64,25.81,0.00
0.00,0.00,5.64,25.81,0.00
0.00,0.00,5.64,25.81,0.00
0.00,0.00,5.64,25.81,0.00
0.00,0.00,5.64,25.81,0.00
0.00,0.00,5.64,25.81,0.00
0.00,0.00,5.62,25.81,0.00
0.00,0.00,5.62,25.81,0.00
0.00,0.00,5.25,25.81,0.00
0.00,0.00,5.10,25.81,0.00
0.00,0.00,5.60,25.00,0.00
0.00,0.00,5.60,25.00,0.00
0.00,0.00,5.18,25.81,0.00
0.00,0.00,5.19,25.81,0.00
0.00,0.00,5.17,25.81,0.00
0.00,0.00,5.14,25.00,0.00
0.00,0.00,5.10,24.24,0.00
0.00,0.00,5.64,25.81,0.00
0.00,0.00,5.64,25.81,0.00
0.00,0.00,5.64,25.81,0.00
0.00,0.00,5.64,25.81,0.00
0.00,0.00,5.64,25.81,0.00
0.00,0.00,5.64,25.81,0.00
0.00,0.00,4.70,26.47,0.00
0.00,0.00,5.64,25.81,0.00
0.00,0.00,5.64,25.81,0.00
0.00,0.00,5.68,25.81,0.00
0.00,0.00,4.79,24.24,0.00
0.00,0.00,5.62,25.81,0.00
0.00,0.00,4.79,24.24,0.00
0.00,0.00,4.80,24.24,0.00
0.00,0.00,5.61,25.00,0.00
0.00,0.00,4.63,24.24,0.00
0.00,0.00,4.62,24.24,0.00
0.00,0.00,4.62,24.24,0.00
0.00,0.00,4.65,24.24,0.00
0.00,0.00,4.65,24.24,0.00
0.00,0.00,4.64,24.24,0.00
0.00,0.00,4.66,24.24,0.00
0.00,0.00,4.66,24.24,0.00
0.00,0.00,4.66,24.24,0.00
0.00,0.00,4.66,24.24,0.00
0.00,0.00,4.66,24.24,0.00
0.00,0.00,4.64,24.24,0.00
0.00,0.00,4.61,23.53,0.00
0.00,0.00,5.64,25.81,0.00
0.00,0.00,4.61,23.53,0.00
0.00,0.00,4.53,26.47,0.00
0.00,0.00,7.76,25.71,0.00
0.00,0.00,7.16,25.00,0.00
0.00,0.00,7.16,25.00,0.00
0.00,0.00,5.55,28.12,0.00
0.00,0.00,7.16,25.00,0.00
0.00,0.00,7.12,25.00,0.00
0.00,0.00,5.47,28.12,0.00
0.00,0.00,7.22,25.71,0.00
0.00,0.00,4.66,24.24,0.00
0.00,0.00,7.22,25.71,0.00
0.00,0.00,7.22,25.71,0.00
0.00,0.00,7.22,25.71,0.00
0.00,0.00,7.22,25.71,0.00
0.00,0.00,7.07,27.78,0.00
0.00,0.00,7.06,27.78,0.00
0.00,0.00,6.97,27.78,0.00
0.00,0.00,6.97,27.78,0.00
0.00,0.00,6.97,27.78,0.00
0.00,0.00,7.30,27.78,0.00
0.00,0.00,5.64,25.81,0.00
0.00,0.00,6.96,27.78,0.00
0.00,0.00,5.64,25.81,0.00
0.00,0.00,5.64,25.81,0.00
0.00,0.00,5.64,25.81,0.00
0.00,0.00,6.77,27.78,0.00
0.00,0.00,6.56,26.32,0.00
0.00,0.00,5.62,25.81,0.00
0.00,0.00,6.85,26.32,0.00
0.00,0.00,6.85,26.32,0.00
0.00,0.00,6.85,26.32,0.00
0.00,0.00,6.85,26.32,0.00
0.00,0.00,6.85,26.32,0.00
0.00,0.00,6.85,26.32,0.00
0.00,0.00,6.85,26.32,0.00
0.00,0.00,6.85,26.32,0.00
0.00,0.00,6.85,26.32,0.00
0.00,0.00,4.66,24.24,0.00
0.00,0.00,6.85,26.32,0.00
0.00,0.00,6.81,26.32,0.00
0.00,0.00,6.85,26.32,0.00
0.00,0.00,6.81,26.32,0.00
0.00,0.00,6.81,26.32,0.00
0.00,0.00,5.64,25.81,0.00
0.00,0.00,6.79,26.32,0.00
0.00,0.00,8.13,26.32,0.00
0.00,0.00,8.14,26.32,0.00
0.00,0.00,8.11,26.32,0.00
0.00,0.00,7.65,28.21,0.00
0.00,0.00,7.58,28.21,0.00
0.00,0.00,7.65,28.21,0.00
0.00,0.00,7.58,28.21,0.00
0.00,0.00,7.58,28.21,0.00
0.00,0.00,7.58,28.21,0.00
0.00,0.00,7.58,28.21,0.00
0.00,0.00,7.58,28.21,0.00
0.00,0.00,7.58,28.21,0.00
0.00,0.00,7.58,28.21,0.00
0.00,0.00,6.85,26.32,0.00
0.00,0.00,7.47,28.21,0.00
0.00,0.00,7.47,28.21,0.00
0.00,0.00,7.43,27.50,0.00
0.00,0.00,7.46,27.50,0.00
0.00,0.00,7.44,27.50,0.00
0.00,0.00,7.41,29.27,0.00
0.00,0.00,7.41,29.27,0.00
0.00,0.00,7.41,29.27,0.00
0.00,0.00,7.39,29.27,0.00
0.00,0.00,7.39,29.27,0.00
0.00,0.00,7.35,29.27,0.00
0.00,0.00,7.35,29.27,0.00
0.00,0.00,7.32,29.27,0.00
0.00,0.00,7.32,29.27,0.00
0.00,0.00,7.32,29.27,0.00
0.00,0.00,7.32,29.27,0.00
0.00,0.00,7.32,29.27,0.00
0.00,0.00,7.32,29.27,0.00
0.00,0.00,7.32,29.27,0.00
0.00,0.00,7.32,29.27,0.00
0.00,0.00,7.32,29.27,0.00
0.00,0.00,7.32,29.27,0.00
0.00,0.00,7.32,29.27,0.00
0.00,0.00,7.32,29.27,0.00
0.00,0.00,7.32,29.27,0.00
0.00,0.00,7.23,28.57,0.00
0.00,0.00,7.23,28.57,0.00
0.00,0.00,7.23,28.57,0.00
0.00,0.00,7.20,28.57,0.00
0.00,0.00,7.32,29.27,0.00
0.00,0.00,7.32,29.27,0.00
0.00,0.00,7.32,29.27,0.00
0.00,0.00,7.32,29.27,0.00
0.00,0.00,7.32,29.27,0.00
0.00,0.00,7.32,29.27,0.00
0.00,0.00,7.32,29.27,0.00
0.00,0.00,7.32,29.27,0.00
0.00,0.00,7.32,29.27,0.00
0.00,0.00,7.32,29.27,0.00
0.00,0.00,7.21,29.27,0.00
0.00,0.00,7.21,29.27,0.00
0.00,0.00,7.10,28.57,0.00
0.00,0.00,7.10,28.57,0.00
0.00,0.00,7.13,28.57,0.00
0.00,0.00,7.13,28.57,0.00
0.00,0.00,7.13,28.57,0.00
0.00,0.00,7.13,28.57,0.00
0.00,0.00,6.80,28.57,0.00
0.00,0.00,6.80,28.57,0.00
0.00,0.00,7.32,29.27,0.00
0.00,0.00,6.80,28.57,0.00
0.00,0.00,6.72,28.57,0.00
0.00,0.00,6.70,28.57,0.00
0.00,0.00,6.70,28.57,0.00
0.00,0.00,6.66,28.57,0.00
0.00,0.00,6.66,28.57,0.00
0.00,0.00,6.66,28.57,0.00
0.00,0.00,6.66,28.57,0.00
0.00,0.00,6.66,28.57,0.00
0.00,0.00,6.66,28.57,0.00
0.00,0.00,6.95,28.57,0.00
0.00,0.00,7.16,28.57,0.00
0.00,0.00,6.66,28.57,0.00
0.00,0.00,6.60,30.23,0.00
0.00,0.00,6.60,30.23,0.00
0.00,0.00,6.52,33.33,0.00
0.00,0.00,6.44,28.57,0.00
0.00,0.00,6.30,33.33,0.00
0.00,0.00,5.88,33.33,0.00
0.00,0.00,5.94,33.33,0.00
0.00,0.00,5.93,33.33,0.00
0.00,0.00,6.27,33.33,0.00
0.00,0.00,6.25,33.33,0.00
0.00,0.00,6.25,33.33,0.00
0.00,0.00,6.20,33.33,0.00
0.00,0.00,6.23,33.33,0.00
0.00,0.00,6.20,33.33,0.00
0.00,0.00,6.13,33.33,0.00
0.00,0.00,6.13,33.33,0.00
0.00,0.00,5.77,33.33,0.00
0.00,0.00,5.77,33.33,0.00
0.00,0.00,5.77,33.33,0.00
0.00,0.00,5.68,33.33,0.00
0.00,0.00,5.68,33.33,0.00
0.00,0.00,6.78,33.33,0.00
0.00,0.00,5.77,33.33,0.00
0.00,0.00,5.77,33.33,0.00
0.00,0.00,5.68,33.33,0.00
0.00,0.00,5.52,32.61,0.00
0.00,0.00,5.52,32.61,0.00
0.00,0.00,5.46,32.61,0.00
0.00,0.00,5.46,32.61,0.00
0.00,0.00,5.46,32.61,0.00
0.00,0.00,5.46,32.61,0.00
0.00,0.00,5.46,32.61,0.00
0.00,0.00,5.46,32.61,0.00
0.00,0.00,5.46,32.61,0.00
0.00,0.00,5.46,32.61,0.00
0.00,0.00,5.46,32.61,0.00
0.00,0.00,5.46,32.61,0.00
0.00,0.00,5.42,31.25,0.00
0.00,0.00,5.22,31.91,0.00
0.00,0.00,5.46,32.61,0.00
0.00,0.00,5.22,31.91,0.00
0.00,0.00,5.22,31.91,0.00
0.00,0.00,6.30,33.33,0.00
0.00,0.00,6.30,33.33,0.00
0.00,0.00,5.22,31.91,0.00
0.00,0.00,5.22,31.91,0.00
0.00,0.00,6.78,33.33,0.00
0.00,0.00,5.22,31.91,0.00
0.00,0.00,5.22,31.91,0.00
0.00,0.00,5.22,31.91,0.00
0.00,0.00,5.22,31.91,0.00
0.00,0.00,5.19,30.61,0.00
0.00,0.00,5.19,30.61,0.00
0.00,0.00,5.19,30.61,0.00
0.00,0.00,5.19,30.61,0.00
0.00,0.00,5.19,30.61,0.00
0.00,0.00,5.19,30.61,0.00
0.00,0.00,5.46,32.61,0.00
0.00,0.00,5.19,30.61,0.00
0.00,0.00,5.59,30.61,0.00
0.00,0.00,5.59,30.61,0.00
0.00,0.00,5.59,30.61,0.00
0.00,0.00,5.59,30.61,0.00
0.00,0.00,5.59,30.61,0.00
0.00,0.00,5.59,30.61,0.00
0.00,0.00,5.59,30.61,0.00
0.00,0.00,5.59,30.61,0.00
0.00,0.00,5.59,30.61,0.00
0.00,0.00,5.59,30.61,0.00
0.00,0.00,5.59,30.61,0.00
0.00,0.00,5.59,30.61,0.00
0.00,0.00,5.59,30.61,0.00
0.00,0.00,5.59,30.61,0.00
0.00,0.00,5.59,30.61,0.00
0.00,0.00,5.59,30.61,0.00
0.00,0.00,5.59,30.61,0.00
0.00,0.00,5.47,30.61,0.00
0.00,0.00,5.59,30.61,0.00
0.00,0.00,5.59,30.61,0.00
0.00,0.00,5.59,30.61,0.00
0.00,0.00,5.59,30.61,0.00
0.00,0.00,5.59,30.61,0.00
0.00,0.00,5.59,30.61,0.00
0.00,0.00,5.59,30.61,0.00
0.00,0.00,5.59,30.61,0.00
0.00,0.00,5.59,30.61,0.00
0.00,0.00,5.59,30.61,0.00
0.00,0.00,7.53,33.33,0.00
0.00,0.00,7.86,33.33,0.00
0.00,0.00,5.59,30.61,0.00
0.00,0.00,5.59,30.61,0.00
0.00,0.00,5.58,30.61,0.00
0.00,0.00,5.55,30.00,0.00
0.00,0.00,5.55,30.00,0.00
0.00,0.00,5.59,30.61,0.00
0.00,0.00,5.59,30.61,0.00
0.00,0.00,5.59,30.61,0.00
0.00,0.00,5.58,30.61,0.00
0.00,0.00,5.59,30.61,0.00
0.00,0.00,5.59,30.61,0.00
0.00,0.00,5.55,30.00,0.00
0.00,0.00,6.44,30.00,0.00
0.00,0.00,6.31,30.00,0.00
0.00,0.00,6.37,30.00,0.00
0.00,0.00,6.37,30.00,0.00
0.00,0.00,6.37,30.00,0.00
0.00,0.00,6.24,30.00,0.00
0.00,0.00,6.24,30.00,0.00
0.00,0.00,6.16,29.41,0.00
0.00,0.00,6.07,29.41,0.00
0.00,0.00,6.06,29.41,0.00
0.00,0.00,6.06,29.41,0.00
0.00,0.00,6.06,29.41,0.00
0.00,0.00,6.06,29.41,0.00
0.00,0.00,6.06,29.41,0.00
0.00,0.00,6.06,29.41,0.00
0.00,0.00,6.07,29.41,0.00
0.00,0.00,6.07,29.41,0.00
0.00,0.00,6.07,29.41,0.00
0.00,0.00,6.09,29.41,0.00
0.00,0.00,6.12,29.41,0.00
0.00,0.00,6.13,29.41,0.00
0.00,0.00,6.14,29.41,0.00
0.00,0.00,6.13,29.41,0.00
0.00,0.00,6.08,29.41,0.00
0.00,0.00,6.08,29.41,0.00
0.00,0.00,6.05,29.41,0.00
0.00,0.00,6.05,29.41,0.00
0.00,0.00,6.05,29.41,0.00
0.00,0.00,6.01,29.41,0.00
0.00,0.00,6.63,29.41,0.00
0.00,0.00,5.90,29.41,0.00
0.00,0.00,5.92,29.41,0.00
0.00,0.00,5.88,29.41,0.00
0.00,0.00,0.00,29.41,0.00
0.00,0.00,0.00,29.41,0.00
0.00,0.00,0.00,29.41,0.00
0.00,0.00,0.00,29.41,0.00
0.00,0.00,0.00,29.41,0.00
0.00,21.03,16.86,25.00,0.00
0.00,21.02,16.86,25.00,0.00
0.00,0.00,0.00,29.41,0.00
0.00,20.78,16.60,25.00,0.00
0.00,0.00,0.00,29.41,0.00
0.00,0.00,0.00,29.41,0.00
0.00,0.00,0.00,29.41,0.00
0.00,0.00,0.00,29.41,0.00
0.00,0.00,0.00,29.41,0.00
0.00,0.00,0.00,29.41,0.00
0.00,0.00,0.00,29.41,0.00
0.00,0.00,0.00,29.41,0.00
0.00,0.00,0.00,29.41,0.00
0.00,0.00,0.00,29.41,0.00
0.00,20.78,16.60,25.00,0.00
0.00,21.27,16.99,25.00,0.00
0.00,21.26,16.98,25.00,0.00
0.00,0.00,0.00,29.41,0.00
0.00,0.00,0.00,29.41,0.00
0.00,0.00,0.00,29.41,0.00
0.00,0.00,0.00,29.41,0.00
0.00,0.00,0.00,29.41,0.00
0.00,0.00,0.00,29.41,0.00
0.00,0.00,0.00,29.41,0.00
0.00,0.00,0.00,29.41,0.00
0.00,21.15,16.90,25.00,0.00
0.00,21.07,16.83,25.00,0.00
0.00,21.03,16.80,25.00,0.00
0.00,21.01,16.79,25.00,0.00
0.00,21.01,16.79,25.00,0.00
0.00,20.97,16.75,25.00,0.00
0.00,0.00,5.38,32.61,0.00
0.00,0.00,6.06,29.41,0.00
0.00,0.00,0.00,29.41,0.00
0.00,20.96,16.74,25.45,0.00
0.00,20.96,16.74,25.45,0.00
0.00,21.09,16.81,25.45,0.00
0.00,21.09,16.81,25.45,0.00
0.00,0.00,6.06,29.41,0.00
0.00,21.06,16.79,25.45,0.00
0.00,21.06,16.79,25.45,0.00
0.00,21.07,16.79,25.45,0.00
0.00,21.06,16.79,25.45,0.00
0.00,20.52,16.36,25.45,0.00
0.00,20.52,16.36,25.45,0.00
0.00,20.31,16.19,25.45,0.00
0.00,20.33,16.21,25.45,0.00
0.00,20.46,16.31,25.45,0.00
0.00,20.44,16.30,25.45,0.00
0.00,20.44,16.30,25.45,0.00
0.00,20.34,16.21,25.45,0.00
0.00,20.34,16.21,27.27,0.00
0.00,20.34,16.21,27.27,0.00
0.00,19.78,15.76,27.27,0.00
0.00,19.78,15.76,27.27,0.00
0.00,19.76,15.75,27.27,0.00
0.00,19.76,15.75,27.27,0.00
0.00,19.76,15.75,27.27,0.00
0.00,19.76,15.75,27.27,0.00
0.00,19.76,15.75,27.27,0.00
0.00,19.76,15.75,27.27,0.00
0.00,19.76,15.75,27.27,0.00
0.00,19.76,15.75,27.27,0.00
0.00,19.76,15.75,27.27,0.00
0.00,19.99,15.94,27.27,0.00
0.00,19.99,15.94,27.27,0.00
0.00,19.99,15.94,27.27,0.00
0.00,19.99,15.94,27.27,0.00
0.00,19.97,15.92,27.27,0.00
0.00,19.97,15.92,27.27,0.00
0.00,19.97,15.92,27.27,0.00
0.00,19.97,15.92,27.27,0.00
0.00,19.97,15.92,27.27,0.00
0.00,19.97,15.92,27.27,0.00
0.00,19.97,15.92,27.27,0.00
0.00,19.97,15.92,27.27,0.00
0.00,19.97,15.92,27.27,0.00
0.00,19.97,15.92,27.27,0.00
0.00,19.97,15.92,27.27,0.00
0.00,19.97,15.92,27.27,0.00
0.00,19.97,15.92,27.27,0.00
0.00,19.97,15.92,27.27,0.00
0.00,20.26,16.15,27.78,0.00
0.00,20.23,16.13,27.78,0.00
0.00,20.20,16.10,27.78,0.00
0.00,20.20,16.10,27.78,0.00
0.00,20.23,16.13,27.78,0.00
0.00,20.26,16.15,27.78,0.00
0.00,20.15,16.06,27.78,0.00
0.00,20.03,15.97,27.78,0.00
0.00,20.04,15.97,27.78,0.00
0.00,20.04,15.97,27.78,0.00
0.00,20.04,15.97,27.78,0.00
0.00,20.04,15.97,27.78,0.00
0.00,20.04,15.97,27.78,0.00
0.00,20.04,15.97,27.78,0.00
0.00,20.04,15.98,27.78,0.00
0.00,20.04,15.98,27.78,0.00
0.00,20.10,16.02,27.78,0.00
0.00,20.05,15.98,27.78,0.00
0.00,20.05,15.98,27.78,0.00
0.00,19.93,15.89,27.78,0.00
0.00,19.91,15.87,27.78,0.00
0.00,20.00,15.94,28.85,0.00
0.00,19.96,15.91,28.85,0.00
0.00,19.96,15.91,28.85,0.00
0.00,19.96,15.91,28.85,0.00
0.00,19.93,15.88,28.85,0.00
0.00,19.93,15.88,28.85,0.00
0.00,19.94,15.90,28.85,0.00
0.00,19.93,15.89,28.85,0.00
0.00,19.93,15.89,28.85,0.00
0.00,19.93,15.89,28.85,0.00
0.00,20.07,15.99,28.85,0.00
0.00,19.98,15.92,28.85,0.00
0.00,19.91,15.87,28.85,0.00
0.00,19.91,15.87,28.85,0.00
0.00,19.91,15.87,28.85,0.00
0.00,19.86,15.83,29.41,0.00
0.00,19.78,15.76,29.41,0.00
0.00,19.53,15.56,29.41,0.00
0.00,19.47,15.52,29.41,0.00
0.00,19.44,15.49,29.41,0.00
0.00,19.39,15.45,29.41,0.00
0.00,19.37,15.44,29.41,0.00
0.00,19.37,15.44,29.41,0.00
0.00,19.31,15.39,29.41,0.00
0.00,19.15,15.26,29.41,0.00
0.00,19.14,15.26,29.41,0.00
0.00,19.14,15.26,29.41,0.00
0.00,19.14,15.26,29.41,0.00
0.00,19.13,15.25,29.41,0.00
0.00,19.13,15.25,29.41,0.00
0.00,19.13,15.25,29.41,0.00
0.00,19.14,15.26,29.41,0.00
0.00,19.11,15.24,29.41,0.00
0.00,19.05,15.19,29.41,0.00
0.00,19.03,15.17,29.41,0.00
0.00,19.03,15.17,29.41,0.00
0.00,19.03,15.17,29.41,0.00
0.00,18.83,15.01,29.41,0.00
0.00,18.79,14.98,29.41,0.00
0.00,18.79,14.98,29.41,0.00
0.00,18.79,14.98,29.41,0.00
0.00,18.79,14.98,29.41,0.00
0.00,18.79,14.98,29.41,0.00
0.00,18.87,15.04,31.37,0.00
0.00,18.87,15.04,31.37,0.00
0.00,18.87,15.04,31.37,0.00
0.00,18.87,15.04,31.37,0.00
0.00,18.87,15.04,31.37,0.00
0.00,18.69,14.90,31.37,0.00
0.00,18.85,15.03,31.37,0.00
0.00,18.83,15.01,31.37,0.00
0.00,18.83,15.01,31.37,0.00
0.00,18.79,14.98,29.41,0.00
0.00,18.83,15.01,31.37,0.00
0.00,18.83,15.01,31.37,0.00
0.00,18.83,15.01,31.37,0.00
0.00,18.83,15.01,31.37,0.00
0.00,18.83,15.01,31.37,0.00
0.00,18.83,15.01,31.37,0.00
0.00,18.83,15.01,31.37,0.00
0.00,18.83,15.01,31.37,0.00
0.00,18.83,15.01,31.37,0.00
0.00,18.83,15.01,31.37,0.00
0.00,18.76,14.96,31.58,0.00
0.00,18.76,14.96,31.58,0.00
0.00,18.68,14.89,31.58,0.00
0.00,18.54,16.12,31.58,0.00
0.00,18.31,15.92,37.50,0.00
0.00,18.31,15.92,37.50,0.00
0.00,18.22,15.85,37.50,0.00
0.00,18.22,15.85,37.50,0.00
0.00,18.18,15.97,37.50,0.00
0.00,18.18,15.97,37.50,0.00
0.00,18.18,15.97,37.50,0.00
0.00,18.16,15.95,37.50,0.00
0.00,18.16,15.95,37.50,0.00
0.00,18.16,15.95,37.50,0.00
0.00,18.16,15.95,37.50,0.00
0.00,18.02,15.83,37.50,0.00
0.00,18.00,15.82,37.50,0.00
0.00,17.97,15.79,37.50,0.00
0.00,17.97,15.79,37.50,0.00
0.00,17.97,15.79,37.50,0.00
0.00,17.97,15.79,37.50,0.00
0.00,17.97,15.79,37.50,0.00
0.00,17.97,15.79,37.50,0.00
0.00,17.97,15.79,37.50,0.00
0.00,17.97,15.79,37.50,0.00
0.00,17.97,15.79,37.50,0.00
0.00,17.97,15.79,37.50,0.00
0.00,17.95,15.77,37.50,0.00
0.00,17.95,15.77,37.50,0.00
0.00,17.95,15.77,37.50,0.00
0.00,17.95,15.77,37.50,0.00
0.00,17.86,15.70,37.50,0.00
0.00,17.97,15.79,37.50,0.00
0.00,17.95,15.77,37.50,0.00
0.00,17.95,15.77,37.50,0.00
0.00,17.95,15.80,37.50,0.00
0.00,17.95,15.80,37.50,0.00
0.00,17.95,15.80,37.50,0.00
0.00,17.95,15.80,37.50,0.00
0.00,17.92,15.78,37.50,0.00
0.00,17.92,15.78,37.50,0.00
0.00,17.92,15.78,37.50,0.00
0.00,17.92,15.78,37.50,0.00
0.00,17.91,15.77,37.50,0.00
0.00,17.85,15.71,37.50,0.00
0.00,17.79,15.66,37.50,0.00
0.00,17.79,15.66,37.50,0.00
0.00,17.79,15.66,37.50,0.00
0.00,17.63,15.52,37.50,0.00
0.00,17.63,15.52,37.50,0.00
0.00,17.59,15.48,37.50,0.00
0.00,17.77,15.64,37.50,0.00
0.00,17.77,15.64,37.50,0.00
0.00,17.77,15.64,37.50,0.00
0.00,17.70,15.58,37.50,0.00
0.00,17.57,15.47,37.50,0.00
0.00,17.53,15.43,37.50,0.00
0.00,17.51,15.41,37.50,0.00
0.00,17.49,15.40,37.50,0.00
0.00,17.42,15.34,37.50,0.00
0.00,17.39,15.31,37.50,0.00
0.00,17.36,15.28,37.50,0.00
0.00,17.36,15.28,37.50,0.00
0.00,17.36,15.28,37.50,0.00
0.00,17.16,15.11,37.50,0.00
0.00,17.16,15.11,37.50,0.00
0.00,17.16,15.11,37.50,0.00
0.00,17.14,15.09,37.50,0.00
0.00,17.14,15.09,37.50,0.00
0.00,17.09,15.05,37.50,0.00
0.00,17.08,15.04,37.50,0.00
0.00,17.05,15.01,37.50,0.00
0.00,17.03,15.00,37.50,0.00
0.00,17.05,15.01,37.50,0.00
0.00,17.05,15.01,37.50,0.00
0.00,16.97,14.94,30.26,0.00
0.00,16.97,14.94,30.26,0.00
0.00,16.97,14.94,30.26,0.00
0.00,16.83,14.82,23.81,0.00
0.00,16.67,14.67,23.81,0.00
0.00,16.67,14.68,22.62,0.00
0.00,17.36,15.28,37.50,0.00
0.00,16.67,14.68,22.62,0.00
0.00,16.67,14.68,22.62,0.00
0.00,16.67,14.68,22.62,0.00
0.00,16.67,14.68,22.62,0.00
0.00,16.67,14.68,22.62,0.00
0.00,16.67,14.68,22.62,0.00
0.00,16.67,14.68,22.62,0.00
0.00,16.65,14.66,22.62,0.00
0.00,17.36,15.28,37.50,0.00
0.00,16.65,14.66,22.62,0.00
0.00,16.63,14.64,22.62,0.00
0.00,16.63,14.64,22.62,0.00
0.00,16.63,14.64,22.62,0.00
0.00,16.63,14.64,22.62,0.00
0.00,16.63,14.64,22.62,0.00
0.00,16.63,14.64,22.62,0.00
0.00,16.63,14.64,22.62,0.00
0.00,16.63,14.64,22.62,0.00
0.00,17.74,15.59,37.50,0.00
0.00,16.63,14.64,22.62,0.00
0.00,16.63,14.64,22.62,0.00
0.00,17.74,15.59,37.50,0.00
0.00,16.57,14.59,22.62,0.00
0.00,16.55,14.57,22.62,0.00
0.00,16.45,14.49,22.62,0.00
0.00,16.45,14.49,22.62,0.00
0.00,16.45,14.49,22.62,0.00
0.00,16.45,14.49,22.62,0.00
0.00,15.79,13.90,24.24,0.00
0.00,15.79,13.90,24.24,0.00
0.00,15.79,13.90,24.24,0.00
0.00,16.45,14.49,22.62,0.00
0.00,16.34,14.39,22.62,0.00
0.00,16.34,14.39,22.62,0.00
0.00,16.45,14.48,22.62,0.00
0.00,16.45,14.49,22.62,0.00
0.00,16.45,14.49,22.62,0.00
0.00,16.45,14.49,22.62,0.00
0.00,16.45,14.49,22.62,0.00
0.00,16.45,14.49,22.62,0.00
0.00,15.79,13.90,24.24,0.00
0.00,16.43,14.47,22.62,0.00
0.00,15.77,13.89,24.24,0.00
0.00,16.45,14.49,22.62,0.00
0.00,15.77,13.89,24.24,0.00
0.00,16.45,14.49,22.62,0.00
0.00,15.77,13.89,24.24,0.00
0.00,16.38,14.42,22.62,0.00
0.00,15.70,13.83,24.24,0.00
0.00,16.26,14.32,22.62,0.00
0.00,15.53,13.67,24.24,0.00
0.00,16.39,14.43,22.62,0.00
0.00,15.47,13.62,24.24,0.00
0.00,16.27,14.33,22.62,0.00
0.00,16.27,14.33,22.62,0.00
0.00,15.31,13.48,24.24,0.00
0.00,15.31,13.48,24.24,0.00
0.00,16.45,14.49,22.62,0.00
0.00,16.45,14.49,22.62,0.00
0.00,16.45,14.49,22.62,0.00
0.00,16.45,14.49,22.62,0.00
0.00,16.45,14.49,22.62,0.00
0.00,16.45,14.49,22.62,0.00
0.00,15.31,13.48,24.24,0.00
0.00,16.45,14.49,22.62,0.00
0.00,16.45,14.49,22.62,0.00
0.00,16.43,14.47,22.62,0.00
0.00,16.43,14.47,22.62,0.00
0.00,16.43,14.47,22.62,0.00
0.00,15.30,13.47,24.24,0.00
0.00,15.32,13.49,24.24,0.00
0.00,15.31,13.48,24.24,0.00
0.00,15.29,13.46,24.24,0.00
0.00,15.25,13.43,24.24,0.00
0.00,15.24,13.42,24.24,0.00
0.00,15.24,13.42,24.24,0.00
0.00,16.45,14.49,22.62,0.00
0.00,16.45,14.49,22.62,0.00
0.00,16.45,14.49,22.62,0.00
0.00,16.45,14.49,22.62,0.00
0.00,16.45,14.49,22.62,0.00
0.00,16.43,14.47,22.62,0.00
0.00,15.24,13.42,24.24,0.00
0.00,15.24,13.42,24.24,0.00
0.00,15.24,13.42,24.24,0.00
0.00,15.24,13.42,24.24,0.00
0.00,15.24,13.42,24.24,0.00
0.00,15.24,13.42,24.24,0.00
0.00,15.24,13.42,24.24,0.00
0.00,15.24,13.42,24.24,0.00
0.00,15.38,13.56,24.24,0.00
0.00,15.38,13.56,24.24,0.00
0.00,15.38,13.56,24.24,0.00
0.00,15.42,13.59,24.24,0.00
0.00,15.42,13.59,24.24,0.00
0.00,15.42,13.59,24.24,0.00
0.00,15.33,13.52,23.53,0.00
0.00,15.33,13.52,23.53,0.00
0.00,15.33,13.52,23.53,0.00
0.00,15.33,13.52,23.53,0.00
0.00,15.33,13.52,23.53,0.00
0.00,15.33,13.52,23.53,0.00
0.00,15.33,13.52,23.53,0.00
0.00,15.33,13.52,23.53,0.00
0.00,15.33,13.52,23.53,0.00
0.00,15.33,13.52,23.53,0.00
0.00,15.33,13.52,23.53,0.00
0.00,15.33,13.52,23.53,0.00
0.00,15.33,13.52,23.53,0.00
0.00,15.33,13.52,23.53,0.00
0.00,15.33,13.52,23.53,0.00
0.00,15.33,13.52,23.53,0.00
0.00,15.33,13.52,23.53,0.00
0.00,15.33,13.52,23.53,0.00
0.00,15.33,13.52,23.53,0.00
0.00,15.33,13.52,23.53,0.00
0.00,15.33,13.52,23.53,0.00
0.00,15.33,13.52,23.53,0.00
0.00,15.33,13.52,23.53,0.00
0.00,15.33,13.52,23.53,0.00
0.00,15.33,13.52,23.53,0.00
0.00,15.33,13.52,23.53,0.00
0.00,15.33,13.52,23.53,0.00
0.00,15.33,13.52,23.53,0.00
0.00,15.33,13.52,23.53,0.00
0.00,15.33,13.52,23.53,0.00
0.00,15.16,13.37,22.64,0.00
0.00,15.19,13.40,22.64,0.00
0.00,15.33,13.52,23.53,0.00
0.00,15.33,13.52,23.53,0.00
0.00,15.33,13.52,23.53,0.00
0.00,15.33,13.52,23.53,0.00
0.00,15.39,13.57,23.53,0.00
0.00,15.39,13.57,23.53,0.00
0.00,15.39,13.57,23.53,0.00
0.00,15.40,13.58,23.53,0.00
0.00,15.24,13.44,23.30,0.00
0.00,15.25,13.45,23.30,0.00
0.00,15.25,13.45,23.30,0.00
0.00,15.25,13.45,19.23,0.00
0.00,15.25,13.45,19.23,0.00
0.00,15.25,13.45,19.23,0.00
0.00,15.25,13.45,19.23,0.00
0.00,15.25,13.45,19.23,0.00
0.00,15.25,13.45,19.23,0.00
0.00,15.25,13.45,19.23,0.00
0.00,15.25,13.45,19.23,0.00
0.00,15.25,13.45,19.23,0.00
0.00,15.25,13.45,19.23,0.00
0.00,15.25,13.45,19.23,0.00
0.00,15.25,13.45,19.23,0.00
0.00,15.25,13.45,19.23,0.00
0.00,15.26,13.45,19.23,0.00
0.00,15.19,13.40,19.23,0.00
0.00,15.25,13.45,19.23,0.00
0.00,15.25,13.45,19.23,0.00
0.00,15.25,13.45,19.23,0.00
0.00,15.25,13.45,19.23,0.00
0.00,15.25,13.45,19.23,0.00
0.00,15.25,13.45,19.23,0.00
0.00,15.25,13.45,19.23,0.00
0.00,15.26,13.46,19.23,0.00
0.00,15.25,13.45,19.23,0.00
0.00,15.25,13.45,19.23,0.00
0.00,15.25,13.45,19.23,0.00
0.00,15.25,13.45,19.23,0.00
0.00,15.25,13.45,19.23,0.00
0.00,15.25,13.45,19.23,0.00
0.00,15.25,13.45,19.23,0.00
0.00,15.25,13.45,19.23,0.00
0.00,15.25,13.45,19.23,0.00
0.00,15.20,13.41,19.23,0.00
0.00,15.20,13.41,19.23,0.00
0.00,15.07,13.29,18.52,0.00
0.00,15.07,13.29,18.52,0.00
0.00,15.05,13.27,18.52,0.00
0.00,15.05,13.27,18.52,0.00
0.00,15.11,13.33,18.52,0.00
0.00,15.07,13.29,18.52,0.00
0.00,15.07,13.29,18.52,0.00
0.00,15.11,13.33,18.52,0.00
0.00,15.07,13.29,18.52,0.00
0.00,15.05,13.27,18.52,0.00
0.00,15.06,13.28,18.52,0.00
0.00,15.06,13.28,18.52,0.00
0.00,15.06,13.28,18.52,0.00
0.00,15.06,13.28,18.52,0.00
0.00,15.01,13.23,18.52,0.00
0.00,15.01,13.23,18.52,0.00
0.00,15.01,13.23,18.52,0.00
0.00,15.02,13.24,18.52,0.00
0.00,15.02,13.24,18.52,0.00
0.00,14.98,13.20,18.52,0.00
0.00,15.02,13.24,18.52,0.00
0.00,14.93,13.17,18.52,0.00
0.00,15.02,13.24,18.52,0.00
0.00,14.94,13.17,18.52,0.00
0.00,15.02,13.24,18.52,0.00
0.00,15.02,13.24,18.52,0.00
0.00,14.92,13.16,18.52,0.00
0.00,14.92,13.16,18.52,0.00
0.00,14.92,13.16,18.52,0.00
0.00,14.90,13.14,18.52,0.00
0.00,14.90,13.14,18.52,0.00
0.00,14.90,13.14,18.52,0.00
0.00,14.84,13.08,18.18,0.00
0.00,14.84,13.08,18.18,0.00
0.00,14.84,13.08,18.18,0.00
0.00,14.84,13.08,18.18,0.00
0.00,14.80,13.05,18.02,0.00
0.00,14.80,13.05,18.02,0.00
0.00,14.80,13.05,18.02,0.00
0.00,14.80,13.05,18.02,0.00
0.00,14.80,13.05,18.02,0.00
0.00,14.80,13.05,18.02,0.00
0.00,14.79,13.04,18.02,0.00
0.00,14.79,13.04,18.02,0.00
0.00,14.80,13.05,18.02,0.00
0.00,14.79,13.04,18.02,0.00
0.00,14.79,13.04,18.02,0.00
0.00,14.79,13.04,18.02,0.00
0.00,14.60,12.88,18.58,0.00
0.00,14.60,12.88,18.58,0.00
0.00,14.60,12.88,18.58,0.00
0.00,14.57,12.85,18.42,0.00
0.00,14.54,12.82,18.26,0.00
0.00,14.54,12.82,18.26,0.00
0.00,14.54,12.82,18.26,0.00
0.00,14.44,12.73,18.26,0.00
0.00,14.19,12.51,18.26,0.00
0.00,14.19,12.51,18.26,0.00
0.00,14.19,12.51,18.26,0.00
0.00,14.44,12.98,18.26,0.00
0.00,14.44,12.98,18.26,0.00
0.00,14.44,12.98,18.26,0.00
0.00,14.44,12.98,18.26,0.00
0.00,14.44,12.98,18.26,0.00
0.00,14.44,12.98,18.26,0.00
0.00,14.44,12.98,18.26,0.00
0.00,14.44,12.98,18.26,0.00
0.00,14.42,12.96,18.10,0.00
0.00,14.34,12.89,17.80,0.00
0.00,14.40,12.94,17.95,0.00
0.00,14.29,12.84,17.80,0.00
0.00,14.25,12.81,17.80,0.00
0.00,14.26,12.82,17.80,0.00
0.00,14.26,12.82,17.80,0.00
0.00,14.26,12.82,17.80,0.00
0.00,14.26,12.82,17.80,0.00
0.00,14.26,12.82,17.80,0.00
0.00,14.40,12.94,17.95,0.00
0.00,14.40,12.94,17.95,0.00
0.00,14.40,12.94,17.95,0.00
0.00,14.40,12.94,17.95,0.00
0.00,14.40,12.94,17.95,0.00
0.00,14.40,12.94,17.95,0.00
0.00,14.40,12.94,17.95,0.00
0.00,14.40,12.94,17.95,0.00
0.00,15.06,13.28,18.52,0.00
0.00,14.38,12.92,17.95,0.00
0.00,14.38,12.92,17.95,0.00
0.00,14.36,12.91,17.95,0.00
0.00,14.38,12.92,17.95,0.00
0.00,14.38,12.92,17.95,0.00
0.00,14.32,12.88,17.95,0.00
18.44,14.02,12.60,19.53,0.00
18.54,14.00,12.58,19.38,0.00
18.54,14.00,12.58,19.38,0.00
18.55,14.00,12.59,19.38,0.00
18.48,13.95,12.54,19.38,0.00
18.48,13.95,12.54,19.38,0.00
18.48,13.95,12.54,19.38,0.00
18.48,13.95,12.54,19.38,0.00
18.48,13.95,12.54,19.38,0.00
18.48,13.95,12.54,19.38,0.00
18.48,13.97,11.25,19.38,0.00
18.48,13.97,11.25,19.38,0.00
18.48,13.97,11.25,19.38,0.00
18.48,13.97,11.25,19.38,0.00
18.47,13.97,11.24,19.38,0.00
18.47,13.97,11.24,19.38,0.00
18.47,13.97,11.24,19.38,0.00
18.47,13.97,11.24,19.38,0.00
18.47,13.97,11.24,19.38,0.00
18.47,13.97,11.24,19.38,0.00
18.47,13.97,11.24,19.38,0.00
18.57,13.90,11.19,19.08,0.00
18.57,13.90,11.19,19.08,0.00
18.57,13.90,11.19,19.08,0.00
18.57,13.90,11.19,19.08,0.00
18.57,13.90,11.19,19.08,0.00
18.53,13.86,11.16,19.08,0.00
18.53,13.86,11.16,19.08,0.00
18.53,13.86,11.16,19.08,0.00
18.57,13.90,11.19,19.08,0.00
18.53,13.86,11.16,19.08,0.00
18.53,13.86,11.16,19.08,0.00
18.53,13.86,11.16,19.08,0.00
18.53,13.86,11.16,19.08,0.00
18.53,13.86,11.16,19.08,0.00
18.53,13.86,11.16,19.08,0.00
18.53,13.86,11.16,19.08,0.00
18.53,13.86,11.16,19.08,0.00
18.53,13.86,11.16,19.08,0.00
18.53,13.86,11.16,19.08,0.00
18.61,13.85,11.15,19.08,0.00
18.53,13.86,11.16,19.08,0.00
18.53,13.86,11.16,19.08,0.00
18.53,13.86,11.16,19.08,0.00
18.53,13.86,11.16,19.08,0.00
18.52,13.86,11.15,19.08,0.00
18.54,13.87,11.16,19.08,0.00
18.52,13.86,11.16,18.66,0.00
18.52,13.86,11.15,18.52,0.00
18.52,13.86,11.15,18.52,0.00
18.52,13.86,11.15,18.52,0.00
18.52,13.86,11.15,18.52,0.00
18.49,13.83,11.14,18.52,0.00
18.49,13.83,11.14,18.52,0.00
18.50,13.84,11.14,18.52,0.00
18.50,13.84,11.14,18.52,0.00
18.53,13.87,11.16,18.52,0.00
18.53,13.87,11.16,18.52,0.00
18.53,13.87,11.16,18.52,0.00
18.53,13.87,11.16,18.52,0.00
18.61,13.85,11.15,18.52,0.00
18.61,13.85,11.15,18.52,0.00
18.61,13.85,11.15,18.52,0.00
18.61,13.86,11.15,18.52,0.00
18.73,13.83,11.14,18.52,0.00
18.73,13.84,11.14,18.52,0.00
18.73,13.84,11.14,18.52,0.00
18.73,13.84,11.14,18.52,0.00
18.74,13.84,11.14,15.56,0.00
18.74,13.84,11.14,15.56,0.00
18.74,13.84,11.14,15.56,0.00
18.74,13.84,11.14,15.56,0.00
18.75,13.85,11.15,15.56,0.00
18.60,13.88,11.18,15.56,0.00
18.61,13.89,11.18,15.56,0.00
18.61,13.89,11.18,15.56,0.00
18.60,13.76,11.07,15.44,0.00
18.61,13.89,11.18,15.56,0.00
18.60,13.76,11.07,15.44,0.00
18.58,13.75,11.06,15.44,0.00
18.58,13.75,11.06,15.44,0.00
18.58,13.75,11.06,15.44,0.00
18.56,13.73,11.05,15.44,0.00
18.56,13.73,11.05,15.44,0.00
18.56,13.73,11.05,15.44,0.00
18.56,13.73,11.05,15.44,0.00
18.56,13.73,11.05,15.44,0.00
18.56,13.73,11.05,15.44,0.00
18.56,13.73,11.05,15.44,0.00
18.56,13.73,11.05,15.44,0.00
18.52,13.70,11.02,15.44,0.00
18.49,13.68,11.01,15.44,0.00
18.49,13.68,11.01,15.44,0.00
18.49,13.68,11.01,15.44,0.00
18.49,13.68,11.01,15.44,0.00
18.51,13.68,11.01,15.44,0.00
18.51,13.68,11.01,15.44,0.00
18.51,13.68,11.01,15.44,0.00
18.51,13.68,11.01,15.44,0.00
18.51,13.68,11.01,15.44,0.00
18.51,13.68,11.01,15.44,0.00
18.88,13.61,10.96,15.33,0.00
18.88,13.61,10.96,15.33,0.00
18.90,13.63,10.97,15.33,0.00
18.89,13.62,10.96,15.33,0.00
18.88,13.61,10.96,15.33,0.00
18.88,13.61,10.96,15.33,0.00
18.86,13.62,10.96,15.33,0.00
18.72,13.52,10.88,15.33,0.00
18.72,13.52,10.88,15.33,0.00
18.72,13.52,10.88,15.33,0.00
18.70,13.42,10.80,15.94,0.00
18.71,13.42,10.80,15.94,0.00
18.71,13.42,10.80,15.94,0.00
18.73,13.42,10.80,15.83,0.00
18.73,13.42,10.80,15.83,0.00
18.73,13.42,10.80,15.83,0.00
18.73,13.42,10.80,15.83,0.00
18.73,13.42,10.80,15.83,0.00
18.73,13.42,10.80,15.83,0.00
18.73,13.42,10.80,15.83,0.00
18.73,13.42,10.80,15.83,0.00
18.71,13.42,10.80,16.55,0.00
18.71,13.42,10.80,16.55,0.00
18.70,13.42,10.80,16.55,0.00
18.70,13.42,10.80,16.55,0.00
18.70,13.42,10.80,16.55,0.00
18.72,13.43,10.81,16.55,0.00
18.72,13.43,10.81,16.55,0.00
18.72,13.43,10.81,16.55,0.00
18.66,13.44,10.82,16.55,0.00
18.66,13.44,10.82,16.55,0.00
18.66,13.44,10.82,16.55,0.00
18.66,13.44,10.82,16.55,0.00
18.60,13.40,10.78,16.55,0.00
18.60,13.40,10.78,16.55,0.00
18.73,13.37,10.76,16.31,0.00
18.73,13.37,10.76,16.31,0.00
18.73,13.37,10.76,16.31,0.00
18.72,13.37,10.76,16.31,0.00
18.72,13.36,10.76,16.20,0.00
18.67,13.34,10.74,16.20,0.00
18.67,13.34,10.74,16.20,0.00
18.67,13.34,10.74,16.20,0.00
18.67,13.34,10.74,16.20,0.00
18.63,13.32,10.72,16.20,0.00
18.61,13.30,10.70,16.20,0.00
18.61,13.30,10.71,16.20,0.00
18.58,13.28,10.69,16.20,0.00
18.58,13.28,10.69,16.20,0.00
19.01,13.21,10.63,17.93,0.00
19.01,13.21,10.63,17.93,0.00
19.03,13.22,10.64,17.93,0.00
19.03,13.22,10.64,17.93,0.00
19.03,13.22,10.64,17.93,0.00
19.03,13.22,10.64,17.93,0.00
18.99,13.24,10.66,17.93,0.00
18.99,13.24,10.66,17.93,0.00
18.99,13.24,10.66,17.93,0.00
18.99,13.24,10.66,17.93,0.00
19.01,13.26,10.67,17.93,0.00
19.01,13.26,10.67,17.93,0.00
19.04,13.28,10.69,18.06,0.00
19.04,13.28,10.69,18.06,0.00
19.04,13.28,10.69,18.06,0.00
19.04,13.28,10.69,18.06,0.00
19.04,13.28,10.69,18.06,0.00
19.04,13.28,10.69,18.06,0.00
19.04,13.28,10.69,18.06,0.00
19.04,13.28,10.69,18.06,0.00
19.03,13.27,10.68,17.81,0.00
19.00,13.25,10.66,17.88,0.00
19.00,13.25,10.66,17.88,0.00
19.00,13.25,10.66,17.88,0.00
19.00,13.25,10.66,17.88,0.00
19.00,13.25,10.66,17.88,0.00
19.00,13.25,10.66,17.88,0.00
19.00,13.25,10.66,17.88,0.00
18.99,13.24,10.66,17.88,0.00
18.99,13.24,10.66,17.88,0.00
18.96,13.22,10.64,17.88,0.00
18.88,13.17,10.60,17.65,0.00
18.88,13.17,10.60,17.65,0.00
18.88,13.17,10.60,17.65,0.00
18.88,13.17,10.60,17.65,0.00
18.88,13.17,10.60,17.65,0.00
18.88,13.17,10.60,17.65,0.00
18.82,13.12,10.56,17.65,0.00
18.80,13.00,10.47,17.53,0.00
18.78,12.99,10.45,17.53,0.00
18.75,14.68,10.44,17.53,0.00
18.75,14.68,10.44,17.53,0.00
19.04,14.48,10.29,17.42,0.00
19.04,14.48,10.29,17.42,0.00
19.06,14.32,10.18,17.20,0.00
19.06,14.32,10.18,17.20,0.00
19.06,14.32,10.18,17.20,0.00
19.06,14.32,10.18,17.20,0.00
19.07,14.33,10.19,17.20,0.00
18.91,14.21,10.10,17.20,0.00
18.91,14.21,10.10,17.20,0.00
18.91,14.21,10.10,17.20,0.00
18.84,14.22,10.11,17.20,0.00
18.84,14.22,10.11,17.20,0.00
18.84,14.22,10.11,17.20,0.00
18.83,14.22,10.10,17.20,0.00
18.82,14.21,10.10,17.20,0.00
19.08,14.16,10.07,16.77,0.00
19.10,14.17,10.07,16.67,0.00
19.12,14.19,10.08,16.67,0.00
19.12,14.19,10.08,16.67,0.00
19.09,14.07,10.00,16.56,0.00
19.18,14.05,9.99,16.56,0.00
19.16,14.06,9.99,16.56,0.00
19.99,13.91,9.89,16.07,0.00
19.99,13.91,9.89,16.07,0.00
19.90,13.85,9.84,16.07,0.00
19.89,13.84,9.84,16.07,0.00
19.89,13.84,9.84,16.07,0.00
19.89,13.84,9.84,16.07,0.00
19.89,13.84,9.84,16.07,0.00
19.99,13.91,9.89,16.07,0.00
19.98,13.90,9.88,16.07,0.00
19.98,13.90,9.88,16.07,0.00
19.98,13.90,9.88,16.07,0.00
19.50,13.57,9.65,16.07,0.00
19.50,13.57,9.65,16.07,0.00
19.49,13.56,9.64,16.07,0.00
19.49,13.56,9.64,16.07,0.00
19.49,13.56,9.64,16.07,0.00
19.49,13.56,9.64,16.07,0.00
19.49,13.56,9.64,16.07,0.00
19.66,13.54,9.62,17.06,0.00
19.66,13.54,9.62,17.06,0.00
19.66,13.54,9.62,17.06,0.00
19.66,13.54,9.62,17.06,0.00
19.66,13.54,9.62,17.06,0.00
19.62,13.42,9.54,17.54,0.00
19.60,13.42,9.54,17.54,0.00
19.60,13.42,9.54,17.54,0.00
19.58,13.41,9.53,17.54,0.00
19.39,13.28,9.44,17.44,0.00
19.39,13.28,9.44,17.44,0.00
19.40,13.28,9.44,17.44,0.00
19.40,13.28,9.44,17.44,0.00
19.40,13.28,9.44,17.44,0.00
19.40,13.28,9.44,17.44,0.00
19.40,13.28,9.44,17.44,0.00
19.40,13.28,9.44,17.44,0.00
19.40,13.28,9.44,17.44,0.00
19.40,13.28,9.44,17.44,0.00
19.40,13.28,9.44,17.44,0.00
19.40,13.28,9.44,17.44,0.00
19.10,13.08,9.30,15.89,0.00
19.09,12.99,9.23,16.16,0.44
19.09,12.99,9.23,16.16,0.44
19.07,12.98,9.22,16.16,0.44
19.05,12.96,9.21,16.16,0.44
19.06,12.97,9.22,16.16,0.44
19.06,12.97,9.22,16.16,0.44
19.06,12.97,9.22,16.16,0.44
19.03,13.09,9.35,16.16,0.44
19.03,13.09,9.35,16.16,0.44
19.02,13.08,9.34,16.16,0.44
19.02,13.08,9.34,16.16,0.44
19.02,13.08,9.34,16.16,0.44
18.96,13.04,9.31,16.16,0.44
18.95,13.04,9.31,16.16,0.44
18.95,13.04,9.31,16.16,0.44
18.95,13.04,9.31,16.16,0.44
18.96,13.04,9.31,16.16,0.44
18.96,13.04,9.31,16.16,0.44
18.96,13.04,9.31,16.16,0.44
18.96,13.04,9.31,16.16,0.44
18.96,13.04,9.31,16.16,0.44
18.86,12.97,9.26,16.16,0.44
18.86,12.97,9.26,16.16,0.44
18.86,12.97,9.26,16.16,0.44
18.86,12.97,9.26,16.16,0.44
18.86,12.97,9.26,16.16,0.44
18.86,12.97,9.26,16.16,0.44
18.91,12.97,9.26,16.16,0.44
18.90,12.96,9.25,16.16,0.44
18.90,12.96,9.25,16.16,0.44
18.88,12.95,9.24,16.09,0.43
18.88,12.95,9.24,16.09,0.43
18.88,12.95,9.24,16.09,0.43
18.88,12.95,9.24,16.09,0.43
18.88,12.95,9.24,16.09,0.43
18.88,12.95,9.24,16.09,0.43
18.88,12.95,9.24,16.09,0.43
18.88,12.95,9.24,16.09,0.43
18.91,12.82,9.15,16.81,0.43
18.84,12.77,9.12,17.17,0.43
18.75,12.72,9.08,17.17,0.43
18.75,12.72,9.08,17.17,0.43
18.74,12.71,9.07,17.17,0.43
18.74,12.71,9.07,17.17,0.43
18.73,12.61,9.00,17.09,0.43
18.71,12.60,8.99,17.09,0.43
18.71,12.60,8.99,17.09,0.43
18.71,12.60,8.99,17.09,0.43
18.71,12.60,8.99,17.09,0.43
18.71,12.60,8.99,17.09,0.43
18.71,12.60,8.99,17.09,0.43
18.71,12.60,8.99,17.09,0.43
18.71,12.60,8.99,17.09,0.43
18.68,12.58,8.98,17.09,0.43
18.68,12.58,8.98,17.09,0.43
18.68,12.58,8.98,17.09,0.43
18.67,12.57,8.97,17.09,0.43
18.67,12.57,8.97,17.09,0.43
18.43,12.40,8.85,16.95,0.42
18.58,12.38,8.84,16.88,0.42
17.91,12.28,8.77,16.67,0.42
17.91,12.28,8.77,16.67,0.42
17.91,12.28,8.77,16.67,0.42
17.88,12.26,8.75,16.67,0.42
17.88,12.26,8.75,16.67,0.42
17.88,12.26,8.75,16.67,0.42
17.88,12.26,8.75,16.67,0.42
17.88,12.26,8.75,16.67,0.42
17.88,12.26,8.75,16.67,0.42
17.88,12.26,8.75,16.67,0.42
18.55,12.36,8.82,16.88,0.42
18.59,12.29,8.77,16.88,0.42
18.61,12.29,8.77,16.88,0.42
18.61,12.29,8.77,16.88,0.42
18.61,12.29,8.77,16.88,0.42
18.70,12.35,8.81,16.88,0.42
18.70,12.35,8.81,16.88,0.42
18.69,12.34,8.81,16.88,0.42
18.69,12.34,8.81,16.88,0.42
18.69,12.34,8.81,16.88,0.42
18.69,12.34,8.81,16.88,0.42
18.69,12.34,8.81,16.88,0.42
18.67,12.33,8.80,16.81,0.42
18.67,12.33,8.80,16.81,0.42
18.66,12.32,8.80,16.81,0.42
18.65,12.37,8.79,16.81,0.42
18.65,12.37,8.79,16.81,0.42
18.64,12.36,8.79,16.81,0.42
18.64,12.36,8.79,16.81,0.42
18.60,12.34,8.77,16.60,0.41
18.60,12.34,8.77,16.60,0.41
18.75,12.32,8.75,16.53,0.41
18.81,12.31,8.75,16.53,0.41
18.80,12.30,8.74,16.53,0.41
18.80,12.30,8.74,16.53,0.41
18.80,12.30,8.74,16.53,0.41
18.97,12.27,8.72,16.53,0.41
19.09,12.25,8.71,16.46,0.41
19.09,12.25,8.71,16.46,0.41
19.09,12.25,8.71,16.46,0.41
19.09,12.25,8.71,16.46,0.41
19.09,12.25,8.71,16.46,0.41
19.10,12.25,8.71,16.46,0.41
18.92,10.68,8.62,16.46,0.41
18.92,10.68,8.62,16.46,0.41
18.92,10.68,8.62,16.46,0.41
18.87,10.66,8.60,16.46,0.41
18.86,10.65,8.59,16.46,0.41
18.86,10.65,8.59,16.46,0.41
18.85,10.64,8.59,16.46,0.41
18.85,10.64,8.59,16.46,0.41
18.85,10.64,8.59,16.46,0.41
18.85,10.64,8.59,16.46,0.41
18.85,10.64,8.59,16.46,0.41
18.85,10.64,8.59,16.46,0.41
18.79,10.61,8.56,16.46,0.41
18.79,10.61,8.56,16.46,0.41
18.79,10.61,8.56,16.46,0.41
18.79,10.61,8.56,16.46,0.41
18.66,10.54,8.51,16.46,0.41
18.63,10.52,8.49,16.39,0.41
18.63,10.52,8.49,16.39,0.41
18.59,10.49,8.47,16.67,0.41
18.57,10.49,8.47,16.67,0.41
18.50,10.45,8.43,16.53,0.40
18.50,10.45,8.43,16.53,0.40
18.48,10.43,8.42,16.53,0.40
18.48,10.43,8.42,16.53,0.40
18.48,10.43,8.42,16.53,0.40
18.61,10.56,8.52,16.53,0.40
18.61,10.56,8.52,16.53,0.40
18.61,10.56,8.52,16.53,0.40
18.61,10.56,8.52,16.53,0.40
18.61,10.56,8.52,16.53,0.40
18.60,10.56,8.52,16.53,0.40
18.60,10.56,8.52,16.53,0.40
18.59,10.55,8.52,16.53,0.40
18.60,10.55,8.52,16.53,0.40
18.61,10.56,8.52,16.53,0.40
18.61,10.56,8.52,16.53,0.40
18.71,10.66,8.57,16.47,0.40
18.75,10.66,8.56,16.47,0.40
18.90,10.64,8.55,16.47,0.40
18.94,10.63,8.54,16.47,0.40
19.12,10.61,8.52,16.47,0.40
19.12,10.61,8.52,16.47,0.40
19.12,10.61,8.52,16.47,0.40
19.13,10.61,8.52,16.47,0.40
18.99,10.53,8.46,16.47,0.40
19.01,10.44,8.39,17.13,0.40
19.01,10.44,8.39,17.13,0.40
19.01,10.44,8.39,17.13,0.40
19.01,10.44,8.39,17.13,0.40
18.99,10.56,8.49,17.13,0.40
18.99,10.56,8.49,17.13,0.40
18.99,10.56,8.49,17.13,0.40
18.99,10.56,8.49,17.13,0.40
18.99,10.56,8.49,17.13,0.40
18.99,10.56,8.49,17.13,0.40
18.93,10.52,8.46,17.13,0.40
18.94,10.53,8.46,17.13,0.40
18.93,10.52,8.46,17.13,0.40
18.96,10.54,8.47,17.13,0.40
18.96,10.54,8.47,17.13,0.40
18.96,10.54,8.47,17.13,0.40
18.96,10.54,8.47,17.13,0.40
18.96,10.54,8.47,17.13,0.40
18.96,10.54,8.47,17.13,0.40
18.96,10.54,8.47,17.13,0.40
18.96,10.54,8.47,17.13,0.40
18.91,10.51,8.45,17.06,0.40
18.83,10.52,8.46,17.06,0.40
18.83,10.52,8.46,17.06,0.40
18.84,10.52,8.46,17.06,0.40
18.84,10.52,8.46,17.06,0.40
18.84,10.52,8.46,17.06,0.40
18.82,10.52,8.46,17.06,0.40
18.82,10.52,8.46,17.06,0.40
18.82,10.52,8.46,17.06,0.40
18.79,10.51,8.45,17.39,0.40
18.79,10.51,8.45,17.39,0.40
18.79,10.51,8.45,17.39,0.40
18.79,10.51,8.45,17.39,0.40
18.79,10.51,8.45,17.39,0.40
18.79,10.51,8.45,17.39,0.40
18.79,10.51,8.45,17.39,0.40
18.79,10.51,8.45,17.39,0.40
18.79,10.51,8.45,17.39,0.40
18.78,10.50,8.44,17.39,0.40
18.78,10.50,8.44,17.39,0.40
18.78,10.50,8.44,17.39,0.40
18.83,10.49,8.43,17.39,0.40
18.83,10.49,8.43,17.39,0.40
18.83,10.49,8.43,17.39,0.40
18.83,10.49,8.43,17.39,0.40
18.83,10.49,8.43,17.39,0.40
18.82,10.48,8.43,17.39,0.40
18.82,10.48,8.43,17.39,0.40
18.82,10.48,8.43,17.39,0.40
18.82,10.48,8.43,17.39,0.40
18.82,10.48,8.43,17.39,0.40
18.79,10.46,8.41,17.39,0.40
18.79,10.46,8.41,17.39,0.40
18.79,10.46,8.41,17.39,0.40
18.77,10.40,8.35,17.39,0.40
18.77,10.40,8.35,17.39,0.40
18.76,10.46,8.35,17.39,0.40
18.74,10.56,8.44,17.39,0.40
18.72,10.67,8.43,17.39,0.40
18.67,10.45,8.41,17.32,0.39
18.67,10.45,8.41,17.32,0.39
18.68,10.44,8.40,17.32,0.39
18.68,10.44,8.40,17.32,0.39
18.68,10.44,8.40,17.32,0.39
18.68,10.44,8.40,17.32,0.39
18.68,10.44,8.40,17.32,0.39
18.68,10.44,8.40,17.32,0.39
18.29,10.22,8.22,17.25,0.39
18.24,10.33,8.34,17.25,0.39
18.15,10.34,8.34,17.25,0.39
18.16,10.36,8.36,17.25,0.39
18.08,10.31,8.33,17.12,0.39
18.09,10.31,8.32,17.12,0.39
18.09,10.31,8.32,17.12,0.39
18.09,10.31,8.32,17.12,0.39
18.06,10.36,8.38,17.12,0.39
18.07,10.33,8.35,17.12,0.39
